Signature: 3/4, Ticks per Beat: 12
onset;onsetics;takt;beat;ticks;pitch;durs;durtic;dur16;LBDM1;LBDM2;refLBDM1;refLBDM2;temperley;simple0-0-0
1,25;-1;0;3;6;54;0,249;-1;6,0;0;0;0;0;0;0
1,5;-1;1;1;0;62;0,249;-1;6,0;0;0;0;0;0;0
1,75;-1;1;1;6;62;0,124;-1;3,0;0;0;0;0;0;0
1,875;-1;1;1;9;62;0,124;-1;3,0;0;0;0;0;0;0
2,0;-1;1;2;0;62;0,249;-1;6,0;0;0;0;0;0;0
2,25;-1;1;2;6;61;0,249;-1;6,0;0;0;0;0;0;0
2,5;-1;1;3;0;59;0,249;-1;6,0;0;0;0;0;0;0
2,75;-1;1;3;6;62;0,249;-1;6,0;0;0;0;0;0;0
3,0;-1;2;1;0;61;0,499;-1;12,0;0;0;0;0;0;0
3,5;-1;2;2;0;57;0,499;-1;12,0;0;0;0;0;0;0
4,0;-1;2;3;0;54;0,499;-1;12,0;0;0;0;0;0;0
4,5;-1;3;1;0;59;0,249;-1;6,0;0;0;0;0;0;0
4,75;-1;3;1;6;59;0,124;-1;3,0;0;0;0;0;0;0
4,875;-1;3;1;9;59;0,124;-1;3,0;0;0;0;0;0;0
5,0;-1;3;2;0;59;0,249;-1;6,0;0;0;0;0;0;0
5,25;-1;3;2;6;57;0,249;-1;6,0;0;0;0;0;0;0
5,5;-1;3;3;0;55;0,249;-1;6,0;0;0;0;0;0;0
5,75;-1;3;3;6;59;0,249;-1;6,0;0;0;0;0;0;0
6,0;-1;4;1;0;57;0,499;-1;12,0;0;0;0;0;0;0
6,5;-1;4;2;0;54;0,499;-1;12,0;0;0;0;0;0;0
7,0;-1;4;3;0;50;0,499;-1;12,0;0;0;0;0;0;0
7,5;-1;5;1;0;55;0,249;-1;6,0;0;0;0;0;0;0
7,75;-1;5;1;6;55;0,124;-1;3,0;0;0;0;0;0;0
7,875;-1;5;1;9;55;0,124;-1;3,0;0;0;0;0;0;0
8,0;-1;5;2;0;55;0,249;-1;6,0;0;0;0;0;0;0
8,25;-1;5;2;6;54;0,249;-1;6,0;0;0;0;0;0;0
8,5;-1;5;3;0;52;0,249;-1;6,0;0;0;0;0;0;0
8,75;-1;5;3;6;55;0,249;-1;6,0;0;0;0;0;0;0
9,0;-1;6;1;0;54;0,499;-1;12,0;0;0;0;0;0;0
9,5;-1;6;2;0;50;0,499;-1;12,0;0;0;0;0;0;0
10,0;-1;6;3;0;47;0,499;-1;12,0;0;0;0;0;0;0
10,5;-1;7;1;0;49;0,124;-1;3,0;0;0;0;0;0;0
10,625;-1;7;1;3;50;0,124;-1;3,0;0;0;0;0;0;0
10,75;-1;7;1;6;52;0,124;-1;3,0;0;0;0;0;0;0
10,875;-1;7;1;9;50;0,124;-1;3,0;0;0;0;0;0;0
11,0;-1;7;2;0;49;0,249;-1;6,0;0;0;0;0;0;0
11,25;-1;7;2;6;47;0,249;-1;6,0;0;0;0;0;0;0
11,5;-1;7;3;0;46;0,249;-1;6,0;0;0;0;0;0;0
11,75;-1;7;3;6;47;0,249;-1;6,0;0;0;0;0;0;0
12,0;-1;8;1;0;49;0,499;-1;12,0;0;0;0;0;0;0
13,25;-1;8;3;6;54;0,249;-1;6,0;0;0;0;0;0;0
13,5;-1;9;1;0;62;0,249;-1;6,0;0;0;0;0;0;0
13,75;-1;9;1;6;62;0,124;-1;3,0;0;0;0;0;0;0
13,875;-1;9;1;9;62;0,124;-1;3,0;0;0;0;0;0;0
14,0;-1;9;2;0;62;0,249;-1;6,0;0;0;0;0;0;0
14,25;-1;9;2;6;61;0,249;-1;6,0;0;0;0;0;0;0
14,5;-1;9;3;0;59;0,1656;-1;4,0;0;0;0;0;0;0
14,6667;-1;9;3;4;61;0,1656;-1;4,0;0;0;0;0;0;0
14,8333;-1;9;3;8;62;0,1656;-1;4,0;0;0;0;0;0;0
15,0;-1;10;1;0;61;0,374;-1;9,0;0;0;0;0;0;0
15,375;-1;10;1;9;61;0,124;-1;3,0;0;0;0;0;0;0
15,5;-1;10;2;0;57;0,499;-1;12,0;0;0;0;0;0;0
16,0;-1;10;3;0;54;0,124;-1;3,0;0;0;0;0;0;0
16,125;-1;10;3;3;55;0,124;-1;3,0;0;0;0;0;0;0
16,25;-1;10;3;6;57;0,124;-1;3,0;0;0;0;0;0;0
16,375;-1;10;3;9;55;0,124;-1;3,0;0;0;0;0;0;0
16,5;-1;11;1;0;59;0,249;-1;6,0;0;0;0;0;0;0
16,75;-1;11;1;6;59;0,124;-1;3,0;0;0;0;0;0;0
16,875;-1;11;1;9;59;0,124;-1;3,0;0;0;0;0;0;0
17,0;-1;11;2;0;59;0,249;-1;6,0;0;0;0;0;0;0
17,25;-1;11;2;6;57;0,249;-1;6,0;0;0;0;0;0;0
17,5;-1;11;3;0;55;0,124;-1;3,0;0;0;0;0;0;0
17,625;-1;11;3;3;57;0,124;-1;3,0;0;0;0;0;0;0
17,75;-1;11;3;6;59;0,124;-1;3,0;0;0;0;0;0;0
17,875;-1;11;3;9;55;0,124;-1;3,0;0;0;0;0;0;0
18,0;-1;12;1;0;57;0,1656;-1;4,0;0;0;0;0;0;0
18,1667;-1;12;1;4;57;0,1656;-1;4,0;0;0;0;0;0;0
18,3333;-1;12;1;8;57;0,1656;-1;4,0;0;0;0;0;0;0
18,5;-1;12;2;0;54;0,249;-1;6,0;0;0;0;0;0;0
18,75;-1;12;2;6;50;0,4156;-1;10,0;0;0;0;0;0;0
19,1667;-1;12;3;4;52;0,1656;-1;4,0;0;0;0;0;0;0
19,3333;-1;12;3;8;54;0,1656;-1;4,0;0;0;0;0;0;0
19,5;-1;13;1;0;55;0,249;-1;6,0;0;0;0;0;0;0
19,75;-1;13;1;6;55;0,124;-1;3,0;0;0;0;0;0;0
19,875;-1;13;1;9;55;0,124;-1;3,0;0;0;0;0;0;0
20,0;-1;13;2;0;54;0,124;-1;3,0;0;0;0;0;0;0
20,125;-1;13;2;3;52;0,124;-1;3,0;0;0;0;0;0;0
20,25;-1;13;2;6;50;0,124;-1;3,0;0;0;0;0;0;0
20,375;-1;13;2;9;52;0,124;-1;3,0;0;0;0;0;0;0
20,5;-1;13;3;0;54;0,124;-1;3,0;0;0;0;0;0;0
20,625;-1;13;3;3;50;0,124;-1;3,0;0;0;0;0;0;0
20,75;-1;13;3;6;52;0,124;-1;3,0;0;0;0;0;0;0
20,875;-1;13;3;9;54;0,124;-1;3,0;0;0;0;0;0;0
21,0;-1;14;1;0;52;0,374;-1;9,0;0;0;0;0;0;0
21,375;-1;14;1;9;45;0,124;-1;3,0;0;0;0;0;0;0
21,5;-1;14;2;0;57;0,749;-1;18,0;0;0;0;0;0;0
22,25;-1;14;3;6;55;0,249;-1;6,0;0;0;0;0;0;0
22,5;-1;15;1;0;54;0,249;-1;6,0;0;0;0;0;0;0
22,75;-1;15;1;6;54;0,124;-1;3,0;0;0;0;0;0;0
22,875;-1;15;1;9;54;0,124;-1;3,0;0;0;0;0;0;0
23,0;-1;15;2;0;54;0,249;-1;6,0;0;0;0;0;0;0
23,25;-1;15;2;6;42;0,249;-1;6,0;0;0;0;0;0;0
23,5;-1;15;3;0;50;0,374;-1;9,0;0;0;0;0;0;0
23,875;-1;15;3;9;49;0,124;-1;3,0;0;0;0;0;0;0
24,0;-1;16;1;0;47;0,999;-1;24,0;0;0;0;0;1;0
