Signature: 4/4, Ticks per Beat: 2
onset;onsetics;takt;beat;ticks;pitch;durs;durtic;dur16;LBDM1;LBDM2;refLBDM1;refLBDM2;temperley;simple0-0-0
1,5;-1;0;4;0;65;0,499;-1;2,0;0;0;0;0;0;0
2,0;-1;1;1;0;74;1,249;-1;5,0;0;0;0;0;0;0
3,25;-1;1;3;1;72;0,249;-1;1,0;0;0;0;0;0;0
3,5;-1;1;4;0;70;0,249;-1;1,0;0;0;0;0;0;0
3,75;-1;1;4;1;69;0,249;-1;1,0;0;0;0;0;0;0
4,0;-1;2;1;0;67;0,249;-1;1,0;0;0;0;0;0;0
4,25;-1;2;1;1;70;0,249;-1;1,0;0;0;0;0;0;0
4,5;-1;2;2;0;75;0,749;-1;3,0;0;0;0;0;0;0
5,25;-1;2;3;1;74;0,249;-1;1,0;0;0;0;0;0;0
5,5;-1;2;4;0;72;0,249;-1;1,0;0;0;0;0;0;0
5,75;-1;2;4;1;70;0,249;-1;1,0;0;0;0;0;0;0
6,0;-1;3;1;0;69;0,499;-1;2,0;0;0;0;0;0;0
6,5;-1;3;2;0;77;0,749;-1;3,0;0;0;0;0;0;0
7,25;-1;3;3;1;75;0,249;-1;1,0;0;0;0;0;0;0
7,5;-1;3;4;0;74;0,249;-1;1,0;0;0;0;0;0;0
7,75;-1;3;4;1;72;0,249;-1;1,0;0;0;0;0;0;0
8,0;-1;4;1;0;74;0,499;-1;2,0;0;0;0;0;0;0
8,5;-1;4;2;0;70;0,499;-1;2,0;0;0;0;0;0;0
9,5;-1;4;4;0;64;0,499;-1;2,0;0;0;0;0;0;0
10,0;-1;5;1;0;65;0,499;-1;2,0;0;0;0;0;0;0
10,5;-1;5;2;0;74;0,749;-1;3,0;0;0;0;0;0;0
11,25;-1;5;3;1;72;0,249;-1;1,0;0;0;0;0;0;0
11,5;-1;5;4;0;70;0,249;-1;1,0;0;0;0;0;0;0
11,75;-1;5;4;1;69;0,249;-1;1,0;0;0;0;0;0;0
12,0;-1;6;1;0;67;0,249;-1;1,0;0;0;0;0;0;0
12,25;-1;6;1;1;70;0,249;-1;1,0;0;0;0;0;0;0
12,5;-1;6;2;0;75;0,749;-1;3,0;0;0;0;0;0;0
13,25;-1;6;3;1;74;0,249;-1;1,0;0;0;0;0;0;0
13,5;-1;6;4;0;72;0,249;-1;1,0;0;0;0;0;0;0
13,75;-1;6;4;1;70;0,249;-1;1,0;0;0;0;0;0;0
14,0;-1;7;1;0;69;0,499;-1;2,0;0;0;0;0;0;0
14,5;-1;7;2;0;77;0,749;-1;3,0;0;0;0;0;0;0
15,25;-1;7;3;1;75;0,249;-1;1,0;0;0;0;0;0;0
15,5;-1;7;4;0;74;0,249;-1;1,0;0;0;0;0;0;0
15,75;-1;7;4;1;72;0,249;-1;1,0;0;0;0;0;0;0
16,0;-1;8;1;0;70;0,999;-1;4,0;0;0;0;0;0;0
17,5;-1;8;4;0;74;0,499;-1;2,0;0;0;0;0;0;0
18,0;-1;9;1;0;74;0,499;-1;2,0;0;0;0;0;0;0
18,5;-1;9;2;0;72;0,249;-1;1,0;0;0;0;0;0;0
18,75;-1;9;2;1;70;0,249;-1;1,0;0;0;0;0;0;0
19,0;-1;9;3;0;69;0,499;-1;2,0;0;0;0;0;0;0
19,5;-1;9;4;0;67;0,499;-1;2,0;0;0;0;0;0;0
20,0;-1;10;1;0;66;0,249;-1;1,0;0;0;0;0;0;0
20,25;-1;10;1;1;67;0,249;-1;1,0;0;0;0;0;0;0
20,5;-1;10;2;0;69;0,749;-1;3,0;0;0;0;0;0;0
21,25;-1;10;3;1;62;0,249;-1;1,0;0;0;0;0;0;0
21,5;-1;10;4;0;64;0,249;-1;1,0;0;0;0;0;0;0
21,75;-1;10;4;1;66;0,249;-1;1,0;0;0;0;0;0;0
22,0;-1;11;1;0;67;0,499;-1;2,0;0;0;0;0;0;0
22,5;-1;11;2;0;69;0,249;-1;1,0;0;0;0;0;0;0
22,75;-1;11;2;1;70;0,249;-1;1,0;0;0;0;0;0;0
23,0;-1;11;3;0;72;0,249;-1;1,0;0;0;0;0;0;0
23,25;-1;11;3;1;74;0,249;-1;1,0;0;0;0;0;0;0
23,5;-1;11;4;0;75;0,499;-1;2,0;0;0;0;0;0;0
24,0;-1;12;1;0;75;0,499;-1;2,0;0;0;0;0;0;0
24,5;-1;12;2;0;69;0,499;-1;2,0;0;0;0;0;0;0
25,5;-1;12;4;0;65;0,499;-1;2,0;0;0;0;0;0;0
26,0;-1;13;1;0;74;1,249;-1;5,0;0;0;0;0;0;0
27,25;-1;13;3;1;72;0,249;-1;1,0;0;0;0;0;0;0
27,5;-1;13;4;0;70;0,249;-1;1,0;0;0;0;0;0;0
27,75;-1;13;4;1;69;0,249;-1;1,0;0;0;0;0;0;0
28,0;-1;14;1;0;67;0,249;-1;1,0;0;0;0;0;0;0
28,25;-1;14;1;1;70;0,249;-1;1,0;0;0;0;0;0;0
28,5;-1;14;2;0;75;0,749;-1;3,0;0;0;0;0;0;0
29,25;-1;14;3;1;74;0,249;-1;1,0;0;0;0;0;0;0
29,5;-1;14;4;0;72;0,249;-1;1,0;0;0;0;0;0;0
29,75;-1;14;4;1;70;0,249;-1;1,0;0;0;0;0;0;0
30,0;-1;15;1;0;69;0,499;-1;2,0;0;0;0;0;0;0
30,5;-1;15;2;0;77;0,749;-1;3,0;0;0;0;0;0;0
31,25;-1;15;3;1;65;0,249;-1;1,0;0;0;0;0;0;0
31,5;-1;15;4;0;67;0,249;-1;1,0;0;0;0;0;0;0
31,75;-1;15;4;1;69;0,249;-1;1,0;0;0;0;0;0;0
32,0;-1;16;1;0;72;0,999;-1;4,0;0;0;0;0;0;0
33,0;-1;16;3;0;71;0,249;-1;1,0;0;0;0;0;0;0
33,25;-1;16;3;1;72;0,249;-1;1,0;0;0;0;0;0;0
33,5;-1;16;4;0;74;0,249;-1;1,0;0;0;0;0;0;0
33,75;-1;16;4;1;72;0,249;-1;1,0;0;0;0;0;0;0
34,0;-1;17;1;0;70;1,499;-1;6,0;0;0;0;0;1;0
