Signature: 4/4, Ticks per Beat: 4
onset;onsetics;takt;beat;ticks;pitch;durs;durtic;dur16;LBDM1;LBDM2;refLBDM1;refLBDM2;temperley;simple0-0-0
0,0;-1;1;1;0;71;0,499;-1;4,0;0;0;0;0;0;0
0,5;-1;1;2;0;68;0,499;-1;4,0;0;0;0;0;0;0
1,0;-1;1;3;0;64;0,499;-1;4,0;0;0;0;0;0;0
2,0;-1;2;1;0;71;0,374;-1;3,0;0;0;0;0;0;0
2,375;-1;2;1;3;69;0,124;-1;1,0;0;0;0;0;0;0
2,5;-1;2;2;0;68;0,249;-1;2,0;0;0;0;0;0;0
2,75;-1;2;2;2;66;0,249;-1;2,0;0;0;0;0;0;0
3,0;-1;2;3;0;64;0,499;-1;4,0;0;0;0;0;0;0
3,5;-1;2;4;0;66;0,249;-1;2,0;0;0;0;0;0;0
3,75;-1;2;4;2;68;0,249;-1;2,0;0;0;0;0;0;0
4,0;-1;3;1;0;69;0,749;-1;6,0;0;0;0;0;0;0
4,75;-1;3;2;2;68;0,249;-1;2,0;0;0;0;0;0;0
5,0;-1;3;3;0;66;0,749;-1;6,0;0;0;0;0;0;0
5,75;-1;3;4;2;64;0,249;-1;2,0;0;0;0;0;0;0
6,0;-1;4;1;0;71;0,499;-1;4,0;0;0;0;0;0;0
6,5;-1;4;2;0;59;0,499;-1;4,0;0;0;0;0;0;0
8,0;-1;5;1;0;71;0,499;-1;4,0;0;0;0;0;0;0
8,5;-1;5;2;0;68;0,499;-1;4,0;0;0;0;0;0;0
9,0;-1;5;3;0;76;0,749;-1;6,0;0;0;0;0;0;0
9,75;-1;5;4;2;76;0,249;-1;2,0;0;0;0;0;0;0
10,0;-1;6;1;0;75;0,374;-1;3,0;0;0;0;0;0;0
10,375;-1;6;1;3;73;0,124;-1;1,0;0;0;0;0;0;0
10,5;-1;6;2;0;71;0,249;-1;2,0;0;0;0;0;0;0
10,75;-1;6;2;2;69;0,249;-1;2,0;0;0;0;0;0;0
11,0;-1;6;3;0;68;0,499;-1;4,0;0;0;0;0;0;0
12,0;-1;7;1;0;68;0,374;-1;3,0;0;0;0;0;0;0
12,375;-1;7;1;3;68;0,124;-1;1,0;0;0;0;0;0;0
12,5;-1;7;2;0;69;0,499;-1;4,0;0;0;0;0;0;0
13,0;-1;7;3;0;68;0,374;-1;3,0;0;0;0;0;0;0
13,375;-1;7;3;3;66;0,124;-1;1,0;0;0;0;0;0;0
13,5;-1;7;4;0;64;0,499;-1;4,0;0;0;0;0;0;0
14,0;-1;8;1;0;66;0,499;-1;4,0;0;0;0;0;0;0
14,5;-1;8;2;0;68;0,499;-1;4,0;0;0;0;0;0;0
15,0;-1;8;3;0;64;0,499;-1;4,0;0;0;0;0;1;0
