Signature: 6/8, Ticks per Beat: 6
onset;onsetics;takt;beat;ticks;pitch;durs;durtic;dur16;LBDM1;LBDM2;refLBDM1;refLBDM2;temperley;simple0-0-0
0,0;-1;1;1;0;67;0,249;-1;2,0;0;0;0;0;0;0
0,25;-1;1;1;2;76;0,249;-1;2,0;0;0;0;0;0;0
0,5;-1;1;1;4;74;0,249;-1;2,0;0;0;0;0;0;0
0,75;-1;1;2;0;72;0,374;-1;3,0;0;0;0;0;0;0
1,125;-1;1;2;3;71;0,124;-1;1,0;0;0;0;0;0;0
1,25;-1;1;2;4;72;0,249;-1;2,0;0;0;0;0;0;0
1,5;-1;2;1;0;74;0,249;-1;2,0;0;0;0;0;0;0
1,75;-1;2;1;2;67;0,249;-1;2,0;0;0;0;0;0;0
2,0;-1;2;1;4;67;0,249;-1;2,0;0;0;0;0;0;0
2,25;-1;2;2;0;66;0,124;-1;1,0;0;0;0;0;0;0
2,375;-1;2;2;1;69;0,124;-1;1,0;0;0;0;0;0;0
2,5;-1;2;2;2;67;0,499;-1;4,0;0;0;0;0;0;0
3,0;-1;3;1;0;68;0,124;-1;1,0;0;0;0;0;0;0
3,125;-1;3;1;1;71;0,124;-1;1,0;0;0;0;0;0;0
3,25;-1;3;1;2;69;0,499;-1;4,0;0;0;0;0;0;0
3,75;-1;3;2;0;70;0,124;-1;1,0;0;0;0;0;0;0
3,875;-1;3;2;1;72;0,124;-1;1,0;0;0;0;0;0;0
4,0;-1;3;2;2;71;0,499;-1;4,0;0;0;0;0;0;0
4,5;-1;4;1;0;72;0,124;-1;1,0;0;0;0;0;0;0
4,625;-1;4;1;1;74;0,124;-1;1,0;0;0;0;0;0;0
4,75;-1;4;1;2;76;0,124;-1;1,0;0;0;0;0;0;0
4,875;-1;4;1;3;72;0,124;-1;1,0;0;0;0;0;0;0
5,0;-1;4;1;4;67;0,124;-1;1,0;0;0;0;0;0;0
5,125;-1;4;1;5;64;0,124;-1;1,0;0;0;0;0;0;0
5,25;-1;4;2;0;60;0,499;-1;4,0;0;0;0;0;0;0
5,75;-1;4;2;4;64;0,249;-1;2,0;0;0;0;0;0;0
6,0;-1;5;1;0;64;0,249;-1;2,0;0;0;0;0;0;0
6,25;-1;5;1;2;72;0,249;-1;2,0;0;0;0;0;0;0
6,5;-1;5;1;4;71;0,249;-1;2,0;0;0;0;0;0;0
6,75;-1;5;2;0;69;0,374;-1;3,0;0;0;0;0;0;0
7,125;-1;5;2;3;68;0,124;-1;1,0;0;0;0;0;0;0
7,25;-1;5;2;4;69;0,249;-1;2,0;0;0;0;0;0;0
7,5;-1;6;1;0;70;0,249;-1;2,0;0;0;0;0;0;0
7,75;-1;6;1;2;71;0,249;-1;2,0;0;0;0;0;0;0
8,0;-1;6;1;4;64;0,249;-1;2,0;0;0;0;0;0;0
8,25;-1;6;2;0;64;0,374;-1;3,0;0;0;0;0;0;0
8,625;-1;6;2;3;63;0,124;-1;1,0;0;0;0;0;0;0
8,75;-1;6;2;4;64;0,249;-1;2,0;0;0;0;0;0;0
9,0;-1;7;1;0;74;0,249;-1;2,0;0;0;0;0;0;0
9,25;-1;7;1;2;64;0,124;-1;1,0;0;0;0;0;0;0
9,375;-1;7;1;3;63;0,124;-1;1,0;0;0;0;0;0;0
9,5;-1;7;1;4;64;0,249;-1;2,0;0;0;0;0;0;0
9,75;-1;7;2;0;72;0,249;-1;2,0;0;0;0;0;0;0
10,0;-1;7;2;2;64;0,124;-1;1,0;0;0;0;0;0;0
10,125;-1;7;2;3;63;0,124;-1;1,0;0;0;0;0;0;0
10,25;-1;7;2;4;64;0,249;-1;2,0;0;0;0;0;0;0
10,5;-1;8;1;0;71;0,124;-1;1,0;0;0;0;0;0;0
10,625;-1;8;1;1;69;0,124;-1;1,0;0;0;0;0;0;0
10,75;-1;8;1;2;68;0,124;-1;1,0;0;0;0;0;0;0
10,875;-1;8;1;3;71;0,124;-1;1,0;0;0;0;0;0;0
11,0;-1;8;1;4;64;0,124;-1;1,0;0;0;0;0;0;0
11,125;-1;8;1;5;68;0,124;-1;1,0;0;0;0;0;0;0
11,25;-1;8;2;0;69;0,749;-1;6,0;0;0;0;0;0;0
12,0;-1;9;1;0;67;0,249;-1;2,0;0;0;0;0;0;0
12,25;-1;9;1;2;76;0,249;-1;2,0;0;0;0;0;0;0
12,5;-1;9;1;4;74;0,249;-1;2,0;0;0;0;0;0;0
12,75;-1;9;2;0;72;0,374;-1;3,0;0;0;0;0;0;0
13,125;-1;9;2;3;71;0,124;-1;1,0;0;0;0;0;0;0
13,25;-1;9;2;4;72;0,249;-1;2,0;0;0;0;0;0;0
13,5;-1;10;1;0;74;0,249;-1;2,0;0;0;0;0;0;0
13,75;-1;10;1;2;67;0,249;-1;2,0;0;0;0;0;0;0
14,0;-1;10;1;4;67;0,249;-1;2,0;0;0;0;0;0;0
14,25;-1;10;2;0;66;0,124;-1;1,0;0;0;0;0;0;0
14,375;-1;10;2;1;69;0,124;-1;1,0;0;0;0;0;0;0
14,5;-1;10;2;2;67;0,499;-1;4,0;0;0;0;0;0;0
15,0;-1;11;1;0;67;0,124;-1;1,0;0;0;0;0;0;0
15,125;-1;11;1;1;77;0,124;-1;1,0;0;0;0;0;0;0
15,25;-1;11;1;2;77;0,499;-1;4,0;0;0;0;0;0;0
15,75;-1;11;2;0;67;0,124;-1;1,0;0;0;0;0;0;0
15,875;-1;11;2;1;76;0,124;-1;1,0;0;0;0;0;0;0
16,0;-1;11;2;2;76;0,499;-1;4,0;0;0;0;0;0;0
16,5;-1;12;1;0;74;0,249;-1;2,0;0;0;0;0;0;0
16,75;-1;12;1;2;69;0,249;-1;2,0;0;0;0;0;0;0
17,0;-1;12;1;4;71;0,249;-1;2,0;0;0;0;0;0;0
17,25;-1;12;2;0;72;0,749;-1;6,0;0;0;0;0;1;0
